H_ZI_nonZI=-9999.0;0.05;99999
H_ZI_min5cm=0.05;99999
H_simple=-9999.0;0.05;0.5;1.0;2.0;99999
H_simple_min5cm=0.05;0.5;1.0;2.0;99999
H_intermed=-9999.0;0.05;0.10;0.25;0.5;1.0;1.5;2.0;3.0;4.0;5.0;9999
H_intermed_min5cm=0.05;0.10;0.25;0.5;1.0;1.5;2.0;3.0;4.0;5.0;9999
H_complet=-9999.0;0.01;0.1;0.2;0.3;0.4;0.5;0.6;0.7;0.8;0.9;1;1.25;1.50;1.75;2.0;2.25;2.50;2.75;3;99999
H_AMC=-9999;0.05;0.15;0.25;0.35;0.45;0.55;0.65;0.75;0.85;0.95;1.05;1.15;1.25;1.35;1.45;1.55;1.65;1.75;1.85;1.95;2.05;2.15;2.25;2.35;2.45;2.55;2.65;2.75;2.85;2.95;3.05;9999.0
V_AMC_simple=0.0;0.5;1.0;2.0;4.0;9999.0
V_complet=0;0.25;0.5;1.0;2.0;4.0;9999.0
Onde=-604800.0;0.0;300.0;600.0;900.0;1800.0;3600.0;7200.0;10800.0;21600.0;43200.0;86400.0;1e21
Onde2=0.0;300.0;600.0;900.0;1800.0;3600.0;7200.0;10800.0;21600.0;43200.0;86400.0
Delta_SL1=-9999.0;-0.5;-0.25;-0.10;-0.05;-0.02;-0.01;0.01;0.02;0.05;0.10;0.25;0.50;9999
Delta_SL2=-9999.0;-5.0;-4.0;-3.0;-2.0;-1.0;-0.5;-0.01;0.01;0.5;1.0;2.0;3.0;4.0;5.0;9999
Duree_AMC=0;86400.0;172800.0;432000.0;864000.0;2592000.0 
Alea=-1.0;0.5;1.5;2.5;3.5;4.5